300,300,458.657,364.187,328.502,175.899,150.824,157.015,471.778,277.83,298.18,379.126,162.699,362.621,485.33,441.321,425.783,484.985,151.906,390.58,404.809,372.527,229.484,107.164,168.327,453.722,149.498,175.142,185.784,101.806,233.979,304.586,365.454,180.236,454.178,216.976,454.341,480.306,315.871,456.502,302.756,372.497,459.256,249.205,217.289,312.504,305.487,205.671,445.418,317.68,314.877,231.784,283.252,227.655,100.468,140.538,169.119,300.651,136.158,103.374,100.255,187.129,369.761,379.478,253.162,340.497,416.712,497.441,203.803,425.029,216.068,121.808,180.795,358.006,416.15,120.3,406.815,277.227,286.803,287.12,178.451,230.128,410.05,137.634,260.083,231.66,355.317,306.823,386.055,443.7,316.818,392.81,387.813,315.772,428.498,372.229,309.936,263.266,281.218,310.823,276.592,404.846,
0,9,20,42,24,30,27,46,25,0,
0,6,14,35,15,31,13,26,37,0,
0,45,1,10,5,32,41,49,29,0,
0,11,16,21,19,3,18,44,4,0,
0,12,40,22,48,17,38,2,23,0,
0,47,7,50,33,8,34,36,28,0,
0,43,39,0,
END
0,34,13,14,48,21,19,18,1,0,
0,49,43,28,11,27,29,35,16,26,0,
0,9,25,23,17,15,5,20,24,0,
0,32,47,2,31,8,44,50,12,0,
0,40,42,30,4,3,41,39,22,0,
0,33,37,7,38,36,46,10,0,
0,6,45,0,
END
0,34,13,14,48,21,19,18,1,0,
0,49,43,28,11,27,29,35,16,26,0,
0,9,25,23,17,15,5,20,24,0,
0,32,47,2,31,8,44,45,50,12,0,
0,40,42,30,4,3,41,39,22,0,
0,33,37,7,38,36,46,10,0,
0,6,0,
END
0,34,13,14,48,21,19,18,1,0,
0,49,43,28,11,27,29,35,16,26,0,
0,9,25,23,17,15,5,20,24,0,
0,32,47,2,31,8,44,45,50,12,0,
0,40,42,30,6,4,3,41,39,22,0,
0,33,37,7,38,36,46,10,0,
END
0,34,13,14,48,21,19,18,1,0,
0,49,15,43,28,11,27,29,35,16,26,0,
0,9,45,25,23,17,5,20,24,0,
0,32,47,2,31,8,44,50,12,0,
0,40,42,30,3,41,39,22,0,
0,33,37,4,7,38,36,46,10,0,
0,6,0,
END
0,34,13,14,48,21,19,18,1,0,
0,49,43,28,11,27,29,35,16,26,0,
0,9,25,32,23,17,15,5,20,24,0,
0,47,2,31,8,33,44,50,12,0,
0,42,30,40,36,3,41,39,22,0,
0,37,4,7,38,46,10,0,
0,6,45,0,
END
0,34,9,40,13,14,48,21,19,18,1,0,
0,49,43,28,30,27,29,35,16,26,0,
0,25,23,11,17,37,15,5,20,24,0,
0,32,2,31,8,44,50,12,0,
0,42,4,47,3,39,45,22,0,
0,33,7,38,36,46,10,0,
0,41,6,0,
END
0,34,13,14,48,21,19,18,1,0,
0,49,15,43,28,11,27,29,35,16,26,0,
0,9,45,25,23,17,5,20,0,
0,32,4,47,31,8,44,50,12,0,
0,40,42,30,3,2,41,39,22,0,
0,33,7,38,36,46,10,0,
0,24,37,6,0,
END
0,34,9,40,13,14,48,21,19,18,1,0,
0,49,43,28,30,27,29,35,16,26,0,
0,25,23,11,17,37,15,5,20,24,0,
0,32,2,31,8,44,50,12,0,
0,42,47,3,39,45,22,0,
0,4,33,7,38,36,6,46,10,0,
0,41,0,
END
0,34,9,40,13,14,48,21,19,18,1,0,
0,47,49,43,28,30,27,29,35,16,26,0,
0,25,23,11,17,37,15,5,20,24,0,
0,32,2,31,8,44,50,12,0,
0,42,3,39,45,22,0,
0,4,33,7,38,36,6,46,10,0,
0,41,0,
END
0,34,9,40,13,14,48,21,19,18,1,0,
0,49,43,28,30,27,29,35,41,16,26,0,
0,25,23,11,17,37,15,5,20,24,0,
0,32,2,31,8,44,6,12,0,
0,42,4,47,3,39,45,22,0,
0,33,36,50,7,38,46,10,0,
END
0,34,9,40,13,14,48,19,18,1,0,
0,49,43,28,30,27,29,35,16,0,
0,25,23,11,17,21,37,15,5,20,24,0,
0,32,47,2,31,8,44,50,12,0,
0,42,26,3,39,45,22,0,
0,4,33,7,38,36,6,46,10,0,
0,41,0,
END
0,34,9,40,13,14,48,21,19,18,1,0,
0,49,43,28,30,27,29,35,16,0,
0,25,23,11,17,37,15,5,20,24,0,
0,47,2,31,8,44,50,12,0,
0,42,41,26,3,39,45,22,0,
0,4,33,7,38,36,6,32,46,10,0,
END
0,34,9,40,13,14,48,21,19,18,1,0,
0,49,43,28,30,27,29,35,16,0,
0,25,23,11,17,37,15,5,20,24,0,
0,32,47,31,8,7,44,50,12,0,
0,42,26,3,39,45,22,0,
0,4,33,38,36,6,46,10,0,
0,2,41,0,
END
0,34,9,40,13,14,48,21,19,18,1,0,
0,49,43,28,30,27,29,35,0,
0,25,23,11,17,37,3,15,5,20,24,0,
0,32,47,2,31,8,44,50,12,0,
0,42,16,41,26,39,45,22,0,
0,4,33,7,38,36,6,46,10,0,
END
0,34,9,40,13,14,48,21,19,18,1,0,
0,49,43,28,30,27,29,35,16,0,
0,25,23,17,37,15,5,20,24,0,
0,32,47,31,8,7,44,50,12,0,
0,42,26,3,11,39,45,22,0,
0,4,33,38,36,6,46,10,0,
0,2,41,0,
END
0,34,9,40,13,14,48,21,19,1,0,
0,49,43,28,30,27,29,35,16,0,
0,25,23,17,37,15,5,20,24,0,
0,32,47,31,8,7,44,50,12,0,
0,42,26,3,11,39,45,22,0,
0,4,18,33,38,36,6,46,10,0,
0,2,41,0,
END
0,34,9,40,13,14,48,21,19,18,1,0,
0,49,43,28,30,27,29,35,16,0,
0,25,23,11,17,37,15,5,20,0,
0,47,31,8,7,44,50,32,12,0,
0,26,3,39,45,22,0,
0,4,24,33,38,36,6,46,10,0,
0,42,2,41,0,
END
0,34,9,40,13,14,48,21,19,18,1,0,
0,49,28,30,27,29,35,41,16,0,
0,25,23,17,37,15,5,20,24,0,
0,32,47,31,8,7,44,50,12,0,
0,42,26,3,11,39,45,22,0,
0,4,43,33,38,36,6,46,10,0,
0,2,0,
END
0,34,9,40,13,14,48,21,19,18,1,0,
0,49,43,28,30,27,29,35,16,0,
0,25,23,17,37,15,5,20,24,0,
0,32,47,31,33,8,7,44,50,12,0,
0,26,3,11,39,45,22,0,
0,4,38,36,6,46,10,0,
0,42,2,41,0,
END
0,34,9,40,13,14,48,21,19,18,1,0,
0,43,49,28,30,27,29,35,0,
0,25,23,17,37,3,15,5,20,0,
0,32,47,24,31,45,8,44,50,12,0,
0,42,16,41,2,26,39,11,22,0,
0,4,33,7,38,36,6,46,10,0,
END
0,34,9,40,13,14,48,21,19,18,1,0,
0,43,49,28,30,27,29,35,0,
0,25,23,17,37,3,15,45,5,20,0,
0,32,47,24,31,8,44,50,12,0,
0,42,16,41,2,26,39,11,22,0,
0,4,33,7,38,36,6,46,10,0,
END
0,34,9,40,13,14,48,21,19,18,1,0,
0,43,49,28,30,27,29,35,0,
0,25,23,17,37,3,15,39,5,20,0,
0,32,47,24,31,45,8,44,50,12,0,
0,16,41,2,26,42,11,22,0,
0,4,33,7,38,36,6,46,10,0,
END
0,34,9,40,13,14,48,19,18,1,0,
0,43,49,28,30,27,29,35,0,
0,25,23,17,37,3,15,39,5,20,0,
0,32,47,24,31,45,8,44,50,12,0,
0,16,41,2,26,42,11,22,0,
0,4,21,33,7,38,36,6,46,10,0,
END
0,34,9,40,13,14,48,19,18,1,0,
0,43,49,28,30,3,27,29,35,0,
0,25,23,17,37,15,39,5,20,0,
0,32,47,24,31,45,8,44,50,12,0,
0,16,41,2,26,42,11,22,0,
0,4,21,33,7,38,36,6,46,10,0,
END
0,34,9,40,11,14,2,48,19,18,1,0,
0,49,28,30,27,29,35,13,42,24,16,0,
0,25,23,17,37,41,0,
0,15,20,31,33,8,7,44,32,50,12,0,
0,3,39,47,45,22,0,
0,26,21,4,38,36,6,5,43,46,10,0,
END
0,34,9,40,13,14,48,21,1,0,
0,43,49,28,3,30,27,29,35,0,
0,26,25,23,17,39,15,5,20,0,
0,32,47,24,31,19,8,44,45,50,12,0,
0,16,41,2,42,11,22,0,
0,37,4,33,18,7,38,36,6,46,10,0,
END
0,34,9,40,13,14,48,21,1,0,
0,43,49,28,3,30,27,29,35,0,
0,26,25,42,23,17,39,15,5,20,0,
0,32,47,24,31,19,8,44,45,50,12,0,
0,16,41,2,11,22,0,
0,37,4,33,18,7,38,36,6,46,10,0,
END
0,34,9,40,11,14,2,48,19,18,1,0,
0,49,28,30,27,29,35,13,42,24,16,0,
0,25,23,17,37,41,0,
0,32,15,20,31,33,8,7,44,50,12,0,
0,3,39,47,45,22,0,
0,26,21,4,38,36,6,5,43,46,10,0,
END
0,34,9,40,11,14,2,48,19,18,1,0,
0,49,28,30,27,29,35,42,24,16,0,
0,39,25,23,17,37,41,0,
0,15,20,31,33,8,7,44,32,50,0,
0,3,13,47,45,12,22,0,
0,26,21,4,38,10,36,6,5,43,46,0,
END
0,34,9,40,11,14,2,48,19,18,1,0,
0,49,28,30,27,29,35,13,42,24,16,0,
0,25,23,17,37,41,0,
0,15,20,31,33,8,7,44,50,12,0,
0,39,47,45,32,3,22,0,
0,26,21,4,38,36,6,5,43,46,10,0,
END
0,34,9,40,11,14,2,48,19,18,1,0,
0,49,28,30,27,29,35,13,42,0,
0,25,23,17,37,41,0,
0,15,20,31,33,8,7,44,32,50,12,0,
0,3,16,39,24,47,45,22,0,
0,26,21,4,38,36,6,5,43,46,10,0,
END
0,34,9,40,11,14,2,48,19,18,1,0,
0,49,28,30,27,29,35,13,42,16,0,
0,25,23,17,24,37,41,0,
0,15,32,20,31,33,8,7,44,50,12,0,
0,22,3,39,47,45,0,
0,26,21,4,38,36,6,5,43,46,10,0,
END
0,34,9,40,11,14,2,48,19,18,1,0,
0,49,28,30,27,29,35,13,42,16,0,
0,25,23,17,37,41,0,
0,15,32,20,31,33,8,7,44,50,12,0,
0,39,47,24,45,3,22,0,
0,26,21,4,38,36,6,5,43,46,10,0,
END
0,34,9,40,11,14,2,48,19,18,1,0,
0,49,28,30,27,29,35,13,3,42,16,0,
0,25,23,17,24,37,41,0,
0,15,32,20,31,33,8,7,44,50,12,0,
0,22,39,47,45,0,
0,26,21,4,36,6,5,43,38,46,10,0,
END
0,34,9,40,11,14,2,48,19,18,1,0,
0,49,28,30,27,29,35,13,3,42,16,0,
0,25,23,17,24,37,41,0,
0,15,32,20,31,33,8,7,44,50,12,0,
0,39,22,47,45,0,
0,26,21,4,36,6,5,43,38,46,10,0,
END
0,34,9,40,11,14,2,48,19,18,1,0,
0,49,28,30,27,29,35,13,3,42,0,
0,25,16,23,17,24,37,41,0,
0,15,32,20,31,33,8,7,44,50,12,0,
0,22,39,47,45,0,
0,26,21,4,36,6,5,43,38,46,10,0,
END
0,34,9,40,11,14,2,48,19,18,1,0,
0,49,28,30,27,29,35,13,3,42,0,
0,25,16,23,17,24,37,41,0,
0,15,32,20,31,33,8,7,44,50,12,0,
0,22,39,47,45,0,
0,26,21,4,38,36,6,5,43,46,10,0,
END
0,34,9,40,11,14,2,48,19,18,1,0,
0,49,28,30,27,29,35,13,3,42,0,
0,25,16,23,17,24,4,37,41,0,
0,15,32,20,31,33,8,7,44,50,12,0,
0,22,39,21,47,45,0,
0,26,36,6,5,43,38,46,10,0,
END
0,34,9,40,11,14,48,10,19,18,1,0,
0,49,28,30,27,29,35,13,3,42,0,
0,25,2,16,23,17,24,4,37,41,0,
0,15,32,20,31,33,8,7,44,50,12,0,
0,22,39,43,21,47,45,0,
0,26,36,6,5,38,46,0,
END
0,34,9,40,11,14,48,19,10,18,1,0,
0,28,30,27,29,35,13,3,42,0,
0,25,16,2,23,17,24,4,37,41,0,
0,15,32,20,31,33,8,7,44,50,12,0,
0,49,22,39,47,45,0,
0,26,36,6,5,43,38,21,46,0,
END
0,34,9,40,11,14,48,19,18,1,0,
0,28,30,27,29,35,13,3,42,0,
0,25,16,2,23,17,24,4,37,41,0,
0,15,20,31,33,8,7,44,50,12,0,
0,49,22,39,47,10,45,0,
0,26,32,36,6,5,43,38,21,46,0,
END
0,34,9,40,11,14,48,19,10,18,1,0,
0,28,30,27,29,35,13,3,42,0,
0,25,16,2,23,21,17,24,4,37,41,0,
0,15,32,20,31,33,8,7,44,50,12,0,
0,49,22,39,45,0,
0,26,36,6,5,43,38,47,46,0,
END
0,34,9,40,11,14,48,19,10,18,1,0,
0,28,30,27,29,35,13,3,42,0,
0,16,2,23,38,24,21,4,17,37,41,0,
0,15,32,31,33,8,7,44,50,12,0,
0,49,22,39,25,47,45,0,
0,26,36,6,5,20,43,46,0,
END
0,34,9,40,11,14,48,19,18,1,0,
0,28,30,27,29,35,13,3,42,0,
0,25,16,2,23,21,17,24,4,37,41,0,
0,15,32,20,31,33,8,7,44,50,12,0,
0,22,39,49,47,10,45,0,
0,26,36,6,5,43,38,46,0,
END
0,34,9,40,11,14,48,19,18,1,0,
0,28,30,27,29,35,13,3,42,0,
0,25,16,2,23,21,17,24,4,37,41,0,
0,15,32,20,31,33,8,7,44,50,12,0,
0,49,22,39,10,47,45,0,
0,26,36,6,5,43,38,46,0,
END
0,34,9,40,11,14,48,19,10,18,1,0,
0,28,30,27,29,35,13,3,42,0,
0,25,16,2,23,21,17,24,4,37,41,0,
0,15,32,20,31,33,8,7,44,50,12,0,
0,49,22,26,39,0,
0,36,6,5,47,45,43,38,46,0,
END
0,34,9,40,11,14,48,19,18,10,1,0,
0,26,30,27,29,35,13,3,42,0,
0,25,16,2,23,21,17,24,4,37,41,0,
0,15,32,20,31,33,8,7,44,50,12,0,
0,49,28,22,39,0,
0,36,6,5,47,45,43,38,46,0,
END
0,34,9,40,11,14,48,19,10,18,1,0,
0,28,30,27,29,35,13,3,26,42,0,
0,25,16,2,23,21,17,24,4,37,41,0,
0,15,32,20,31,33,8,7,44,50,12,0,
0,49,22,39,0,
0,36,6,5,47,45,43,38,46,0,
END
0,34,9,40,11,14,48,19,10,18,1,0,
0,26,30,27,29,35,13,3,42,0,
0,25,16,2,23,21,17,24,4,37,41,0,
0,20,31,33,8,7,44,50,12,0,
0,49,28,22,15,39,0,
0,36,6,32,5,47,45,43,38,46,0,
END
0,34,9,40,48,19,10,1,0,
0,26,30,27,29,35,14,11,13,3,42,0,
0,25,16,2,23,21,17,24,4,37,41,0,
0,32,20,31,33,8,7,44,50,12,0,
0,49,28,22,15,39,0,
0,36,6,5,18,47,45,43,38,46,0,
END
0,34,9,40,48,19,10,1,0,
0,26,30,27,29,14,11,35,13,3,42,0,
0,25,16,2,23,21,17,24,4,37,41,0,
0,32,20,31,33,8,7,44,50,12,0,
0,49,28,22,15,39,0,
0,36,6,5,18,47,45,43,38,46,0,
END
0,49,34,9,40,48,19,10,1,0,
0,26,30,27,29,14,11,35,13,3,42,0,
0,25,16,2,23,21,17,24,4,37,41,0,
0,32,20,31,33,8,7,44,50,12,0,
0,28,22,15,39,0,
0,36,6,5,18,47,45,43,38,46,0,
END
0,39,9,40,48,45,19,10,1,0,
0,26,30,27,29,35,14,11,13,3,42,0,
0,25,16,2,23,21,17,24,4,37,41,0,
0,32,20,31,33,8,7,44,50,12,0,
0,49,28,22,15,0,
0,36,6,34,5,18,47,43,38,46,0,
END
0,39,22,9,40,28,48,19,10,1,0,
0,26,30,27,29,14,11,35,13,3,42,0,
0,25,16,2,23,21,17,24,4,37,41,0,
0,32,20,31,33,8,7,44,50,12,0,
0,49,15,0,
0,36,6,34,5,18,47,45,43,38,46,0,
END
0,39,22,9,40,48,10,1,0,
0,26,30,27,29,14,11,35,13,3,42,0,
0,25,16,2,23,21,17,24,4,37,41,0,
0,32,20,19,31,33,8,7,44,50,12,0,
0,49,28,15,0,
0,36,6,34,5,18,47,45,43,38,46,0,
END
0,39,22,9,40,48,10,1,0,
0,26,30,27,29,14,11,35,13,3,42,0,
0,25,16,2,23,21,17,24,4,37,41,0,
0,32,20,31,33,8,7,44,50,19,12,0,
0,49,28,15,0,
0,36,6,34,5,18,47,45,43,38,46,0,
END
0,39,22,9,40,48,10,1,0,
0,26,30,27,29,14,11,35,13,3,42,0,
0,25,16,2,23,21,17,24,4,37,41,0,
0,32,20,31,33,8,7,44,50,19,12,0,
0,49,15,28,0,
0,36,6,34,5,18,47,45,43,38,46,0,
END
0,39,22,9,40,48,10,1,0,
0,26,30,27,29,14,11,35,13,3,42,0,
0,25,16,2,23,21,17,24,4,37,41,0,
0,20,19,31,33,8,7,44,50,12,0,
0,49,32,28,15,0,
0,36,6,34,5,18,47,45,43,38,46,0,
END
0,39,40,9,19,10,1,0,
0,26,30,27,29,14,11,35,13,3,42,0,
0,25,16,2,23,21,17,24,4,37,41,0,
0,32,20,31,33,8,7,44,50,12,0,
0,48,49,28,22,15,0,
0,36,6,34,5,18,47,45,43,38,46,0,
END
0,39,22,28,9,40,48,10,1,0,
0,26,30,27,29,14,11,35,13,3,42,0,
0,25,16,2,23,21,17,24,4,37,41,0,
0,32,20,31,33,8,7,44,50,19,12,0,
0,49,15,0,
0,36,6,34,5,18,47,45,43,38,46,0,
END
0,39,22,9,28,40,48,10,1,0,
0,26,30,27,29,14,11,35,13,3,42,0,
0,25,16,2,23,21,17,24,4,37,41,0,
0,32,20,31,33,8,7,44,50,19,12,0,
0,49,15,0,
0,36,6,34,5,18,47,45,43,38,46,0,
END
0,39,22,28,9,12,40,48,10,1,0,
0,26,30,27,29,14,11,35,3,13,42,0,
0,25,16,2,23,21,17,24,4,37,41,0,
0,32,20,31,33,8,7,44,50,19,0,
0,49,15,0,
0,36,6,34,5,18,47,45,43,38,46,0,
END
0,39,22,28,9,40,48,1,10,0,
0,26,30,27,29,14,11,35,3,13,42,0,
0,25,16,2,23,21,17,24,4,37,41,0,
0,32,20,31,33,8,7,44,19,50,12,0,
0,15,49,0,
0,36,6,34,5,18,47,45,43,38,46,0,
END
0,39,22,15,40,28,9,48,10,47,1,0,
0,26,30,27,29,14,11,35,13,3,42,0,
0,25,16,2,23,21,17,24,4,37,41,0,
0,32,20,31,33,8,7,44,50,19,12,0,
0,49,36,6,34,5,18,45,43,38,46,0,
END
0,39,22,28,9,12,40,48,10,1,0,
0,26,30,27,29,14,11,35,3,13,42,0,
0,25,16,2,23,17,24,4,21,37,41,0,
0,32,20,31,33,8,7,44,45,50,19,0,
0,49,15,0,
0,36,6,34,5,18,47,43,38,46,0,
END
0,39,22,28,9,12,40,48,10,1,0,
0,26,30,27,29,14,11,35,3,13,42,0,
0,25,16,2,23,21,17,24,4,37,41,0,
0,32,20,50,31,33,8,7,44,19,0,
0,49,15,0,
0,36,6,34,5,45,18,47,43,38,46,0,
END
0,39,22,28,12,9,40,15,48,1,10,0,
0,26,30,27,29,14,11,35,3,13,42,0,
0,25,16,2,23,21,17,24,4,37,41,0,
0,32,20,31,33,8,7,44,19,50,0,
0,49,0,
0,36,6,34,5,18,47,45,43,38,46,0,
END
0,39,22,28,12,9,40,15,48,1,10,0,
0,26,30,27,29,14,11,35,3,13,42,0,
0,25,16,2,23,21,17,24,4,37,41,0,
0,32,20,31,47,33,8,7,44,19,50,0,
0,49,0,
0,36,6,34,5,18,45,43,38,46,0,
END
0,39,22,28,12,9,40,15,48,1,10,0,
0,26,30,27,29,14,11,35,3,13,42,0,
0,25,16,2,23,21,17,24,4,37,41,0,
0,32,20,31,33,8,7,44,19,50,0,
0,49,0,
0,45,36,6,34,5,18,47,43,38,46,0,
END
0,39,22,28,12,9,40,15,48,1,10,0,
0,26,30,27,29,14,11,35,3,13,42,0,
0,25,16,2,23,21,17,24,4,37,41,0,
0,32,20,31,18,33,8,7,44,19,50,0,
0,49,0,
0,36,6,34,5,47,45,43,38,46,0,
END
0,39,22,15,28,12,9,40,48,1,10,0,
0,26,30,27,29,14,11,35,3,13,42,0,
0,25,16,2,23,21,17,24,4,37,41,0,
0,32,20,31,18,33,8,7,44,19,50,0,
0,49,0,
0,36,6,34,5,47,45,43,38,46,0,
END
0,39,22,15,28,12,9,40,48,10,0,
0,26,30,27,29,14,11,35,3,13,42,0,
0,25,16,2,23,21,17,24,4,37,41,0,
0,32,20,31,18,33,8,7,44,19,50,0,
0,49,0,
0,36,6,34,5,1,47,45,43,38,46,0,
END
0,39,22,15,28,12,9,40,48,1,10,0,
0,26,30,27,29,14,11,35,3,13,42,0,
0,25,16,2,23,21,17,24,4,37,41,0,
0,32,20,31,33,8,18,7,44,19,50,0,
0,49,0,
0,36,6,34,5,47,45,43,38,46,0,
END
0,39,22,28,12,9,40,15,48,1,10,0,
0,26,30,27,29,14,11,35,3,13,42,0,
0,25,16,2,23,21,17,24,4,37,41,0,
0,32,20,31,18,33,8,7,44,19,50,0,
0,49,0,
0,36,6,34,5,45,47,43,38,46,0,
END
0,39,22,15,28,12,9,40,48,38,10,0,
0,26,27,30,29,14,11,35,3,13,42,0,
0,25,16,2,23,21,17,24,4,37,41,0,
0,32,20,31,18,33,8,7,44,19,50,0,
0,49,0,
0,36,6,34,5,45,1,47,43,46,0,
END
0,39,22,15,12,9,28,40,48,1,10,0,
0,26,30,27,29,14,11,35,3,13,42,0,
0,25,16,2,23,21,17,24,4,37,41,0,
0,32,20,31,33,8,18,7,44,19,50,0,
0,49,0,
0,36,6,34,5,47,45,43,38,46,0,
END
0,39,22,15,28,34,12,9,40,48,10,0,
0,26,27,30,29,14,11,35,3,13,42,0,
0,25,16,2,23,21,17,24,4,37,41,0,
0,32,20,31,18,33,8,7,44,19,50,0,
0,49,0,
0,36,6,5,45,1,47,43,38,46,0,
END
0,39,49,22,15,28,12,9,40,48,10,0,
0,26,27,30,29,14,11,35,3,13,42,0,
0,25,16,2,23,21,17,24,4,37,41,0,
0,32,20,31,18,33,8,7,44,19,50,0,
0,36,6,34,5,45,1,47,43,38,46,0,
END
0,39,22,15,28,34,12,9,40,48,10,0,
0,26,27,30,29,14,11,35,3,13,42,0,
0,25,23,16,2,21,17,24,4,37,41,0,
0,32,20,31,18,33,8,7,44,19,50,0,
0,49,0,
0,36,6,5,45,1,47,43,38,46,0,
END
0,39,22,28,12,9,40,15,48,1,10,0,
0,26,30,27,29,14,11,35,3,13,42,0,
0,25,16,2,23,21,17,24,4,37,41,0,
0,32,20,31,18,7,33,8,44,19,50,0,
0,49,0,
0,36,6,34,5,45,47,46,43,38,0,
END
0,39,22,15,28,34,12,9,40,48,10,0,
0,26,27,30,29,14,11,35,3,13,42,0,
0,25,16,2,23,21,17,24,4,37,41,0,
0,20,31,33,8,7,18,44,19,50,0,
0,49,0,
0,32,36,6,5,45,1,47,43,38,46,0,
END
0,39,15,28,34,12,9,40,48,10,0,
0,26,27,30,29,14,11,35,3,13,42,0,
0,25,16,2,23,17,24,4,21,37,41,0,
0,32,20,31,33,8,7,18,44,19,50,0,
0,49,0,
0,22,36,6,5,45,1,47,43,38,46,0,
END
0,49,39,15,28,34,12,9,40,48,10,0,
0,26,27,30,29,14,11,35,3,13,42,0,
0,25,16,2,23,17,21,24,4,37,41,0,
0,32,20,31,33,8,7,18,44,19,50,0,
0,22,36,6,5,45,1,47,43,38,46,0,
END
0,49,39,15,28,34,12,9,40,48,10,0,
0,26,27,30,29,14,11,35,3,13,42,0,
0,25,16,2,23,21,17,24,4,37,41,0,
0,32,20,31,33,8,18,7,44,19,50,0,
0,22,36,6,5,45,47,1,38,43,46,0,
END
0,49,39,15,28,34,12,9,40,48,10,0,
0,26,27,30,29,14,11,35,3,13,42,0,
0,25,2,23,16,17,21,24,4,37,41,0,
0,32,20,31,33,8,7,18,44,19,50,0,
0,22,36,6,5,45,1,47,43,38,46,0,
END
0,49,39,15,28,34,12,9,40,48,10,0,
0,26,27,30,29,14,11,35,3,13,42,0,
0,25,16,2,23,21,24,4,17,37,41,0,
0,32,20,31,33,8,18,7,44,19,50,0,
0,22,36,6,5,45,47,1,38,43,46,0,
END
0,49,39,15,28,34,12,9,40,48,10,0,
0,26,30,27,29,14,11,35,3,13,42,0,
0,25,16,2,23,21,24,4,17,37,41,0,
0,32,20,31,33,8,18,7,44,19,50,0,
0,22,36,6,5,45,47,1,38,43,46,0,
END
0,49,39,15,28,34,12,9,40,48,10,0,
0,26,30,27,29,14,11,35,3,13,42,0,
0,25,23,16,2,21,24,4,17,37,41,0,
0,32,20,31,33,8,18,7,44,19,50,0,
0,22,36,6,5,45,47,1,38,43,46,0,
END
0,49,39,15,28,34,12,9,40,48,10,0,
0,26,30,27,29,14,11,35,3,13,42,0,
0,25,23,2,16,21,24,4,17,37,41,0,
0,32,20,31,33,8,18,7,44,19,50,0,
0,22,36,6,5,45,47,1,38,43,46,0,
END
0,49,39,15,28,34,12,9,40,48,10,0,
0,26,30,27,29,14,11,35,3,13,42,0,
0,25,23,2,16,21,24,4,17,37,41,0,
0,32,20,31,33,8,18,7,44,19,50,0,
0,22,6,36,5,45,47,1,38,43,46,0,
END
0,49,39,15,28,34,12,9,40,48,10,0,
0,26,30,27,29,14,11,35,3,13,42,0,
0,25,23,2,16,24,4,21,17,37,41,0,
0,32,20,31,33,8,18,7,44,19,50,0,
0,22,6,36,5,45,47,1,38,43,46,0,
END
0,39,49,15,28,34,12,9,40,48,10,0,
0,26,30,27,29,14,11,35,3,13,42,0,
0,25,23,2,16,24,4,21,17,37,41,0,
0,32,20,31,33,8,18,7,44,19,50,0,
0,22,6,36,5,45,47,1,38,43,46,0,
END
0,39,49,15,28,34,12,9,40,48,10,0,
0,26,30,27,29,14,11,35,3,13,42,0,
0,25,23,2,16,24,4,21,17,37,41,0,
0,32,20,31,33,8,18,7,44,19,50,0,
0,22,6,36,5,45,47,1,46,38,43,0,
END
0,39,49,15,28,34,12,9,40,48,10,0,
0,26,30,27,29,14,11,35,3,13,42,0,
0,25,23,2,16,24,4,21,17,37,41,0,
0,32,20,31,33,8,18,7,44,19,50,0,
0,22,6,36,5,45,47,1,38,46,43,0,
END
0,49,15,28,34,12,9,40,39,48,10,0,
0,26,30,27,29,14,11,35,3,13,42,0,
0,25,23,2,16,24,4,21,17,37,41,0,
0,32,20,31,33,8,18,7,44,19,50,0,
0,22,6,36,5,45,47,1,38,46,43,0,
END
0,39,49,15,34,12,9,28,40,48,10,0,
0,26,30,27,29,14,11,35,3,13,42,0,
0,25,23,2,16,24,4,21,17,37,41,0,
0,32,20,31,33,8,18,7,44,19,50,0,
0,22,6,36,5,45,47,1,38,46,43,0,
END
0,39,49,15,34,12,9,28,40,48,10,0,
0,26,13,30,27,3,29,14,11,35,42,0,
0,25,23,2,16,24,4,21,17,37,41,0,
0,32,20,31,33,8,18,7,44,19,50,0,
0,22,6,36,5,45,47,1,38,46,43,0,
END
0,39,49,10,34,12,9,28,40,15,48,0,
0,26,13,30,27,3,29,14,11,35,42,0,
0,25,23,2,16,24,4,21,17,37,41,0,
0,32,20,31,33,8,18,7,44,19,50,0,
0,22,6,36,5,45,47,1,38,46,43,0,
END
0,39,49,15,34,12,9,28,40,48,10,0,
0,26,13,3,30,27,29,14,11,35,42,0,
0,25,23,2,16,24,4,21,17,37,41,0,
0,32,20,31,33,8,18,7,44,19,50,0,
0,22,6,36,5,45,47,1,38,46,43,0,
END
0,39,49,10,34,12,9,28,40,15,48,0,
0,26,13,3,30,27,29,14,11,35,42,0,
0,25,23,2,16,24,4,21,17,37,41,0,
0,32,20,31,33,8,18,7,44,19,50,0,
0,22,6,36,5,45,47,1,38,46,43,0,
END
0,39,10,34,12,9,28,40,15,49,48,0,
0,26,13,3,30,27,29,14,11,35,42,0,
0,25,23,2,16,24,4,21,17,37,41,0,
0,32,20,31,33,8,18,7,44,19,50,0,
0,22,6,36,5,45,47,1,38,46,43,0,
END
0,10,34,12,9,28,40,15,49,39,48,0,
0,26,13,3,30,27,29,14,11,35,42,0,
0,25,23,2,16,24,4,21,17,37,41,0,
0,32,20,31,33,8,18,7,44,19,50,0,
0,22,6,36,5,45,47,1,38,46,43,0,
END
0,10,34,12,9,28,40,15,49,39,48,0,
0,26,3,13,30,27,29,14,11,35,42,0,
0,25,23,2,16,24,4,21,17,37,41,0,
0,32,20,31,33,8,18,7,44,19,50,0,
0,22,6,36,5,45,47,1,38,46,43,0,
END
